3,12362803566013 -> 0,014642008830116 (esperado: 0,0179636516658951)
5,55320498187477 -> -0,667949712990028 (esperado: -0,666854973795404)
6,20601361354714 -> -0,078563342838304 (esperado: -0,0770951174834751)
1,82525987372436 -> 0,955863367937908 (esperado: 0,967798474268089)
5,12270214234876 -> -0,925369765964155 (esperado: -0,916995948567387)
1,25401925906244 -> 0,959966842461566 (esperado: 0,950244313057133)
2,13778834720384 -> 0,852552680996779 (esperado: 0,843520366171371)
5,48569123056174 -> -0,71222095212474 (esperado: -0,715607946721208)
5,66615119607625 -> -0,58475869573614 (esperado: -0,578618735463255)
5,24821692068153 -> -0,857954878181259 (esperado: -0,859846216530795)
3,08336664586146 -> 0,0532505561992778 (esperado: 0,0581931130100295)
0,133653576778752 -> 0,127596647604785 (esperado: 0,133256016851785)
3,64985250466079 -> -0,480014682590691 (esperado: -0,486657803100067)
4,33835612097203 -> -0,929678849005493 (esperado: -0,9308614237058)
5,16083672721362 -> -0,907200524729446 (esperado: -0,901121193902285)
4,01975882546464 -> -0,780190850693657 (esperado: -0,769569157897265)
0,552770460520128 -> 0,521085828054876 (esperado: 0,525047105511091)
2,22581962114074 -> 0,804770147905965 (esperado: 0,793033737920407)
2,84560551333666 -> 0,283136442925207 (esperado: 0,291684206224109)
2,72565098819048 -> 0,398571356467503 (esperado: 0,404051484872583)
3,26088605240852 -> -0,116123532915685 (esperado: -0,119010657707156)
2,06566406034421 -> 0,885205704899606 (esperado: 0,88003153288923)
0,358568202440426 -> 0,355234816932736 (esperado: 0,350933857855962)
5,73657657276295 -> -0,525918574870935 (esperado: -0,519793091774706)
4,88621272451086 -> -0,978536641776438 (esperado: -0,984930653354385)
5,6569589181367 -> -0,592035669561163 (esperado: -0,586091388973206)
1,48686445726227 -> 0,986763855060697 (esperado: 0,996479787894879)
6,21513970029525 -> -0,0708095293133234 (esperado: -0,067993108192613)
5,58103421294976 -> -0,648646942151049 (esperado: -0,645861443121144)
0,430206057335131 -> 0,419125471511858 (esperado: 0,4170580926379)
3,71648143630569 -> -0,539973994745938 (esperado: -0,543741454631698)
4,30399095520036 -> -0,919301557839511 (esperado: -0,91775820783418)
5,89641037643114 -> -0,375455687801302 (esperado: -0,377203547342846)
1,77400832647927 -> 0,964620158652821 (esperado: 0,979423397470025)
3,34250793406266 -> -0,193365298459271 (esperado: -0,199566283254173)
5,77620575958753 -> -0,490524258371461 (esperado: -0,485538940790266)
6,23859483264372 -> -0,0512814935784122 (esperado: -0,0445756993873023)
0,672881190207204 -> 0,620969501755942 (esperado: 0,623241745739626)
1,82882625441724 -> 0,955184245943833 (esperado: 0,966894569732393)
4,56134237775993 -> -0,97087643360008 (esperado: -0,988614134084383)
3,3819268381166 -> -0,230554964863391 (esperado: -0,238027219269353)
0,680995818320672 -> 0,627750468380857 (esperado: 0,629567033276906)
2,52903070792647 -> 0,579143816498598 (esperado: 0,574965471462577)
4,6549446075921 -> -0,97819879777449 (esperado: -0,998350525677721)
2,70969138872739 -> 0,413747605184548 (esperado: 0,418598232575276)
6,06864615004551 -> -0,204437546541656 (esperado: -0,21289717306032)
0,471562075587119 -> 0,454113424581126 (esperado: 0,454278429330622)
5,53801403468091 -> -0,678200662278232 (esperado: -0,678097700852981)
0,30662124538268 -> 0,30554103842207 (esperado: 0,301839199848753)
5,00641521134574 -> -0,963019877960478 (esperado: -0,957084802108344)
0,489520199623429 -> 0,469036292843779 (esperado: 0,470202490378563)
0,382633389183255 -> 0,377259523740698 (esperado: 0,373364715875154)
2,44331838736151 -> 0,651216023428627 (esperado: 0,642896814609727)
3,63613277614407 -> -0,467504077989999 (esperado: -0,474626923291048)
4,49094570352596 -> -0,962054928792328 (esperado: -0,975581467254588)
1,05796397531591 -> 0,864232812400816 (esperado: 0,871358319277585)
5,19463677943434 -> -0,889136387124301 (esperado: -0,885954696046859)
0,469437040784186 -> 0,452338911211979 (esperado: 0,452384297056156)
3,2222324563931 -> -0,0794210642802401 (esperado: -0,0805524340952465)
5,74892853139165 -> -0,51505308490413 (esperado: -0,509201526199848)
6,05034010897975 -> -0,222252551892367 (esperado: -0,230746870916043)
2,20583395408818 -> 0,816385379395396 (esperado: 0,805049376239249)
6,18784232479156 -> -0,0942541664590022 (esperado: -0,0951985988921649)
5,23594513874112 -> -0,865288087801613 (esperado: -0,866046711618915)
1,53173548437584 -> 0,985824383753888 (esperado: 0,999237222286126)
5,06256099784069 -> -0,948227786145407 (esperado: -0,939313714541143)
0,520428507527194 -> 0,49451309605355 (esperado: 0,49725195926485)
1,87584417818153 -> 0,945313486453964 (esperado: 0,953832582030865)
0,995848186909363 -> 0,835685895762155 (esperado: 0,839220504626645)
5,66781627480567 -> -0,583430510080511 (esperado: -0,5772598988361)
4,06434930000051 -> -0,808430515428378 (esperado: -0,797268626955596)
6,16307457749251 -> -0,11616075321671 (esperado: -0,11982213994437)
0,396993366723503 -> 0,39011702347271 (esperado: 0,386647293707585)
4,56744844275631 -> -0,971496153681549 (esperado: -0,989514495985608)
5,62690945725348 -> -0,615173788869368 (esperado: -0,610170557402864)
2,57989023408785 -> 0,53410242153167 (esperado: 0,532627811097993)
5,81981865959733 -> -0,449920043384132 (esperado: -0,446962278319526)
1,98680890202792 -> 0,91446753532706 (esperado: 0,914707591288408)
3,02688518403556 -> 0,107615010336872 (esperado: 0,114456085269058)
5,10075188164493 -> -0,934572130656337 (esperado: -0,925530226134024)
5,18539684254958 -> -0,894229656545972 (esperado: -0,890202037615809)
2,23203572976094 -> 0,801066355828949 (esperado: 0,789231726085805)
5,90851845491257 -> -0,363434840699715 (esperado: -0,365962512261202)
0,574619001604021 -> 0,539082804179829 (esperado: 0,54351502029877)
6,22387116489129 -> -0,0634719978071056 (esperado: -0,0592793688914221)
3,33384804712244 -> -0,185185447858856 (esperado: -0,191073218756192)
1,86067256783885 -> 0,948689798894878 (esperado: 0,9582792573231)
2,26027760028707 -> 0,783699390693676 (esperado: 0,77157609992958)
3,5662479301329 -> -0,40314620092248 (esperado: -0,412006700829336)
2,28454395874675 -> 0,768080243905566 (esperado: 0,755913723147646)
0,581568980153189 -> 0,544823435209751 (esperado: 0,549335655015248)
5,76915779185953 -> -0,496930254269856 (esperado: -0,491688269928406)
3,73383404099369 -> -0,55532709688284 (esperado: -0,55822208379733)
2,36308303020518 -> 0,713296547713561 (esperado: 0,702219109610162)
4,79418757595976 -> -0,981605086159772 (esperado: -0,996656359865726)
1,17609288402841 -> 0,924943755664826 (esperado: 0,923110641426335)
0,776338800708696 -> 0,704886096493506 (esperado: 0,700671915366555)
3,57627087636493 -> -0,412431166815888 (esperado: -0,421118569429625)
3,12320912321626 -> 0,0150430997065474 (esperado: 0,0183824949258471)
3,93031569806629 -> -0,717100595811966 (esperado: -0,709453914341937)
5,54821764251832 -> -0,671336297524815 (esperado: -0,670563167938642)
4,87890320458518 -> -0,978986983983169 (esperado: -0,986168509720078)
4,54216584777155 -> -0,968786902475157 (esperado: -0,985546992275002)
0,921990277756596 -> 0,799688956307389 (esperado: 0,796805793852338)
0,942065911345237 -> 0,810047124601469 (esperado: 0,80877482598638)
0,609630929310505 -> 0,568097188893295 (esperado: 0,572564913032212)
6,26882532963934 -> -0,0269881988824753 (esperado: -0,0143594840193427)
4,15905525178478 -> -0,86058485493425 (esperado: -0,850777290556951)
4,29240862607018 -> -0,915513913232534 (esperado: -0,91309695086972)
1,91105546943811 -> 0,936734159758996 (esperado: 0,942668213147477)
1,52133062289817 -> 0,986124696322247 (esperado: 0,998776821511306)
3,20782787740643 -> -0,0657206938586252 (esperado: -0,0661868042933899)
3,72573716392821 -> -0,548178650621477 (esperado: -0,551485948279997)
4,40466588192775 -> -0,94629648603238 (esperado: -0,953025689184422)
0,563531688842065 -> 0,529941659993087 (esperado: 0,534175120429464)
3,81830437921881 -> -0,627988391553363 (esperado: -0,626232756696328)
2,5805008063552 -> 0,533552993421039 (esperado: 0,532110954265462)
5,61322332318754 -> -0,625387937895386 (esperado: -0,620956188817153)
5,29525928102942 -> -0,829329399776548 (esperado: -0,834886212966953)
4,48107274443298 -> -0,960548870885303 (esperado: -0,973365479452127)
3,20188843000184 -> -0,0600677908338284 (esperado: -0,0602592480264046)
4,54333621441971 -> -0,968920806820783 (esperado: -0,985744580005682)
4,59278155522822 -> -0,97384335018133 (esperado: -0,99285555535035)
4,9944895353422 -> -0,965428211888577 (esperado: -0,960472818263402)
5,08624729465248 -> -0,940113786581438 (esperado: -0,930925183508731)
4,57837681532056 -> -0,972552233128217 (esperado: -0,991033800724598)
2,42924053649882 -> 0,662516627399781 (esperado: 0,653615722186833)
4,31709564369791 -> -0,923408702928189 (esperado: -0,922883646295314)
6,05644617397614 -> -0,216290504789563 (esperado: -0,224801320673361)
4,45081657322506 -> -0,955475393018885 (esperado: -0,965984548318591)
1,80355143337915 -> 0,959796781089974 (esperado: 0,973034598064119)
2,24354778323239 -> 0,794093544359776 (esperado: 0,782110085181072)
5,14678508599124 -> -0,914197432319208 (esperado: -0,907124364300089)
5,37975479314886 -> -0,777612248017947 (esperado: -0,785454737904631)
5,8357195463062 -> -0,434746244896006 (esperado: -0,432682191521979)
0,306493637964403 -> 0,30541538045493 (esperado: 0,301717541729982)
3,97305518916898 -> -0,748261911324468 (esperado: -0,738917611347449)
4,98652817715597 -> -0,966907981893722 (esperado: -0,962658589509504)
5,91573839743837 -> -0,356246768053598 (esperado: -0,359233940133972)
5,61424023558078 -> -0,624635833425777 (esperado: -0,62015876591359)
3,34820802466268 -> -0,198747516507444 (esperado: -0,205148440413518)
3,98480262323366 -> -0,756509566157618 (esperado: -0,746781815338073)
4,25105428139648 -> -0,900746287822602 (esperado: -0,895459162488842)
1,65519246069479 -> 0,978649334147607 (esperado: 0,996440759662929)
0,763213335848574 -> 0,694727279678728 (esperado: 0,69124702590441)
3,65692640992635 -> -0,486445855988579 (esperado: -0,492825287308903)
2,04342062793133 -> 0,894123069719649 (esperado: 0,890376709471912)
5,61235346624553 -> -0,626030418524563 (esperado: -0,62163778705953)
1,79955134136312 -> 0,960484863165334 (esperado: 0,973949469041758)
0,975883196740945 -> 0,826434388440789 (esperado: 0,828197187080027)
4,8787773848528 -> -0,978994368651135 (esperado: -0,986189356006484)
1,44630078470074 -> 0,986727953537763 (esperado: 0,99226043413545)
4,5641969025151 -> -0,971168829496863 (esperado: -0,989039634356242)
4,92532168596286 -> -0,975335888328037 (esperado: -0,97741535818684)
0,728427268064454 -> 0,666941115184202 (esperado: 0,665696851160619)
1,00488142809861 -> 0,839816586462261 (esperado: 0,844098395782612)
0,286121649356963 -> 0,285145002089859 (esperado: 0,282233678083502)
5,83086161960894 -> -0,439400832155772 (esperado: -0,437056715665164)
2,1189282902837 -> 0,861651287266627 (esperado: 0,85349943285174)
2,64687440320426 -> 0,472786655703638 (esperado: 0,474783701574806)
4,46357569999128 -> -0,957701306692213 (esperado: -0,969205338509666)
1,95172968594143 -> 0,925453335685691 (esperado: 0,928318029106628)
4,38579438498822 -> -0,941999527923817 (esperado: -0,947140353498785)
6,12477736002471 -> -0,151128402097646 (esperado: -0,157746287366432)
0,107504036058957 -> 0,101852125086822 (esperado: 0,107297082883378)
5,56096814684537 -> -0,662635581068913 (esperado: -0,661049923746591)
4,34422809859477 -> -0,931326835687375 (esperado: -0,932990822026145)
4,62916767795894 -> -0,976622105033262 (esperado: -0,996539105554121)
4,85213164280113 -> -0,980297673371865 (esperado: -0,990251873112811)
0,257038050877662 -> 0,255557456111234 (esperado: 0,254217030428605)
6,12843449722942 -> -0,147735555758792 (esperado: -0,154133891857929)
3,87715793637882 -> -0,676029165978677 (esperado: -0,67100639263158)
5,98067023292876 -> -0,29129994274173 (esperado: -0,297922011662295)
5,96420435262822 -> -0,307778769639874 (esperado: -0,313599083419675)
1,1328647197703 -> 0,901947169559064 (esperado: 0,90563073741327)
5,50027111394777 -> -0,702916953930307 (esperado: -0,70534816938299)
0,29228193302323 -> 0,291317441560838 (esperado: 0,28813812704344)
2,93758909453343 -> 0,193970901154017 (esperado: 0,202591482554573)
4,23127619949363 -> -0,892976898359102 (esperado: -0,886480514668339)
1,42932088472613 -> 0,986408713144819 (esperado: 0,990009030690674)
2,53495618738923 -> 0,573974419420162 (esperado: 0,570107310962397)
3,10007237743287 -> 0,037215896745441 (esperado: 0,0415083474871761)
2,51754430233479 -> 0,589101181300323 (esperado: 0,584325256079668)
5,0805629772352 -> -0,942166771007059 (esperado: -0,932986101833487)
5,85522449555185 -> -0,415904786822544 (esperado: -0,415016384591905)
0,35725064867841 -> 0,35401101981467 (esperado: 0,349699795939928)
3,96253618789688 -> -0,740757792522655 (esperado: -0,731789203291667)
0,221463400028381 -> 0,218612224536811 (esperado: 0,219657517252532)
4,65132752508441 -> -0,977996278794194 (esperado: -0,998136328504742)
4,83083811820759 -> -0,981000441267345 (esperado: -0,992993098975597)
0,0203719886074399 -> 0,0274133369697396 (esperado: 0,0203705795132911)
4,42537887673963 -> -0,950641950545915 (esperado: -0,959094558656506)
2,86759988687227 -> 0,261826130385043 (esperado: 0,270577412684344)
3,26886399423411 -> -0,123688263008686 (esperado: -0,126928028738657)
1,15066453558951 -> 0,9114562257832 (esperado: 0,91303519314116)
1,39647833872126 -> 0,985139160163772 (esperado: 0,984845053704069)
5,88219354542502 -> -0,389504314072611 (esperado: -0,390331623712133)
4,40946222855136 -> -0,947336604349692 (esperado: -0,954467484409593)
1,54768842463583 -> 0,985271680828054 (esperado: 0,999733024309086)
1,48543049618279 -> 0,986777979113795 (esperado: 0,996358549657289)
5,59588361851117 -> -0,638047110930834 (esperado: -0,634453805610292)
3,69743825715198 -> -0,522989226295011 (esperado: -0,52766179056327)
0,760221823444396 -> 0,692384057650071 (esperado: 0,689082213780347)
1,54251329048545 -> 0,985463093391372 (esperado: 0,999600061589858)
1,13063400669111 -> 0,900761848093547 (esperado: 0,904682512762975)
1,00161944847397 -> 0,838327421928445 (esperado: 0,842344872743876)
1,74881585895157 -> 0,968280014320195 (esperado: 0,984196325428268)
4,88317785706646 -> -0,978728760903398 (esperado: -0,985450996235554)
3,79245696619256 -> -0,60616544651348 (esperado: -0,605874244862233)
1,51134146129627 -> 0,986367276367219 (esperado: 0,998233080063924)
0,712599495075379 -> 0,653982424966641 (esperado: 0,65380292442207)
3,63171786200312 -> -0,463468295344424 (esperado: -0,470736359979086)
1,59958542011531 -> 0,982714647182509 (esperado: 0,999585622674152)
0,689607405557571 -> 0,634931766535555 (esperado: 0,636234346275649)
0,111918215815032 -> 0,106118984600658 (esperado: 0,111684720007054)
1,36350332255841 -> 0,982727864026645 (esperado: 0,978591630682686)
5,71737069078622 -> -0,54249840245435 (esperado: -0,536103654003721)
5,58841671493261 -> -0,643404331038338 (esperado: -0,640207688805222)
0,269552864472852 -> 0,268373416436139 (esperado: 0,266300473831562)
6,03343869456013 -> -0,238847731266072 (esperado: -0,247158441134328)
1,59843195894849 -> 0,982784154778041 (esperado: 0,99961816022048)
4,12276469856639 -> -0,841889674515535 (esperado: -0,831149655397624)
6,26102546005412 -> -0,0331600627529918 (esperado: -0,0221580335385863)
0,0212935245935418 -> 0,0280777694479064 (esperado: 0,0212919154989886)
0,236666062270222 -> 0,234474610832941 (esperado: 0,234462931055726)
1,7030556204898 -> 0,97394693425967 (esperado: 0,991266481695733)
1,00955804950655 -> 0,841948314050465 (esperado: 0,846596705815713)
2,71180623869465 -> 0,41174007971944 (esperado: 0,416676651377201)
4,81353981703872 -> -0,981375322149611 (esperado: -0,994888614444087)
6,01957168822863 -> -0,25255199654792 (esperado: -0,260571030922712)
5,90126287570233 -> -0,370643710058804 (esperado: -0,37270507702745)
2,16600501165146 -> 0,838190724937392 (esperado: 0,828031511118733)
1,3899006698976 -> 0,98476146698896 (esperado: 0,983682949116994)
2,74584570331083 -> 0,379287332614519 (esperado: 0,385497513936447)
2,11662257339455 -> 0,862736211158268 (esperado: 0,854698657754184)
5,12070323741684 -> -0,926247573111962 (esperado: -0,917791472265648)
2,33985055398847 -> 0,730153869333006 (esperado: 0,718568734210507)
0,975031011849341 -> 0,826034149714702 (esperado: 0,827719290628372)
3,94992897054409 -> -0,731619628740586 (esperado: -0,723139065690632)
4,85360504707788 -> -0,980238464175537 (esperado: -0,990045570345849)
4,89162009690642 -> -0,978175737914492 (esperado: -0,983981054840457)
5,36254363801001 -> -0,788116323356795 (esperado: -0,795990192336287)
2,71219174101541 -> 0,411374021117934 (esperado: 0,416326177702182)
3,13998606378813 -> -0,00100996187028779 (esperado: 0,00160658911052576)
4,11823862313221 -> -0,839444680052283 (esperado: -0,828624432063275)
2,67183943378391 -> 0,44947184840391 (esperado: 0,452666250195583)
2,82579345662432 -> 0,30231155894519 (esperado: 0,310576245785196)
2,1779924813147 -> 0,831816571775931 (esperado: 0,821251025730046)
3,15694577841907 -> -0,017217020973029 (esperado: -0,0153525216672792)
6,07034652021069 -> -0,202792176067582 (esperado: -0,21123547757441)
1,96229295511462 -> 0,922270995205471 (esperado: 0,924339023470815)
0,293776830492406 -> 0,292809815963285 (esperado: 0,289569301715923)
4,13990936407851 -> -0,85092363336693 (esperado: -0,840560307894591)
1,79743503725528 -> 0,960844383598898 (esperado: 0,974427191661076)
6,1701838444139 -> -0,10981320243845 (esperado: -0,112761124092737)
1,47311891994478 -> 0,986855250231406 (esperado: 0,995233353735788)
3,71959810427745 -> -0,542740582177805 (esperado: -0,546354481813432)
0,738928298850854 -> 0,675442706619526 (esperado: 0,673496106952231)
1,30584722821523 -> 0,974314900527293 (esperado: 0,965105831184817)
5,7107636933809 -> -0,548111230906125 (esperado: -0,541669223501965)
6,27524670614701 -> -0,021957866630627 (esperado: -0,00793851764923535)
5,32019492743651 -> -0,81403561156135 (esperado: -0,820902945538774)
0,0696380400277426 -> 0,0669328000698364 (esperado: 0,0695817692312583)
4,05607058514352 -> -0,803360089513733 (esperado: -0,792244126462418)
1,89326389277353 -> 0,941201808471332 (esperado: 0,948456315237469)
4,82977979060351 -> -0,981028229316242 (esperado: -0,9931176079126)
2,24181719210552 -> 0,795151143265993 (esperado: 0,783187314502309)
5,13692502398406 -> -0,918901869498108 (esperado: -0,911229933759905)
4,85617013934261 -> -0,980131956679547 (esperado: -0,989681284140614)
1,27440028557777 -> 0,966511811442399 (esperado: 0,956395325268057)
5,30683807574952 -> -0,822228739110641 (esperado: -0,828457160025038)
4,74233967893688 -> -0,981334227594051 (esperado: -0,999551511355805)
1,63848774438852 -> 0,980021202159684 (esperado: 0,997709810687522)
1,69913312457456 -> 0,974377465116702 (esperado: 0,991776129959645)
1,14181859765371 -> 0,906723192919957 (esperado: 0,909391429522173)
2,51907362811806 -> 0,587780351649012 (esperado: 0,583083495457067)
1,41057295755098 -> 0,985801323379133 (esperado: 0,9871916719603)
3,12103939626599 -> 0,0171207299471019 (esperado: 0,0205518102804132)
2,18624020864091 -> 0,827336535306642 (esperado: 0,816517265030404)
3,8480119356659 -> -0,652544936247492 (esperado: -0,649114118109954)
5,16044747104507 -> -0,907398766965241 (esperado: -0,901289894370557)
5,11475087537144 -> -0,928814846512411 (esperado: -0,920138660537339)
5,83804576745516 -> -0,432511779354896 (esperado: -0,430583826153218)
5,02637860400762 -> -0,958439943765123 (esperado: -0,951108924789394)
4,05727873311401 -> -0,804105017947886 (esperado: -0,792980765138273)
5,60748604520993 -> -0,629610918161412 (esperado: -0,625443082586415)
4,30928095475254 -> -0,920982093247174 (esperado: -0,919846225122284)
5,8756509398219 -> -0,395941512027869 (esperado: -0,39634683559686)
2,85884716607652 -> 0,270308832700651 (esperado: 0,278993169412206)
0,643503653449771 -> 0,596376738703168 (esperado: 0,600002035723247)
1,4011051331394 -> 0,985377817728575 (esperado: 0,985636964498149)
1,60092225513762 -> 0,982633357450342 (esperado: 0,999546248539962)
5,9523690908137 -> -0,319631124394804 (esperado: -0,324815095612533)
4,52235058434278 -> -0,966388940014297 (esperado: -0,981996982959363)
4,86154364811046 -> -0,979894453047326 (esperado: -0,988897049516091)
5,8546104766495 -> -0,416501423102427 (esperado: -0,415574949277359)
5,29290559798226 -> -0,830771863355124 (esperado: -0,836179419494821)
4,93930646305147 -> -0,973820839824453 (esperado: -0,974364512717275)
1,2467221710146 -> 0,957328592495564 (esperado: 0,947945950409109)
5,57164413970829 -> -0,655239578605163 (esperado: -0,653001759096896)
0,430022241678385 -> 0,418967446635968 (esperado: 0,416891019249965)
3,97205373981984 -> -0,747552286452563 (esperado: -0,738242468576605)
3,60500764915168 -> -0,438958082005172 (esperado: -0,447005527617927)
1,8825454928413 -> 0,94376191703695 (esperado: 0,951798515077897)
0,76350844446117 -> 0,694957897851861 (esperado: 0,691460246754995)
3,50313858335733 -> -0,344378573969844 (esperado: -0,353720642508053)
4,93847439328347 -> -0,97391710263832 (esperado: -0,974551370380509)
2,44077623950395 -> 0,653268775574345 (esperado: 0,644841900407645)
0,655616439601574 -> 0,606518274402982 (esperado: 0,609647993707705)
3,65111021629583 -> -0,48115910983874 (esperado: -0,487756145590064)
0,062545962393797 -> 0,0607842158254146 (esperado: 0,062505190429105)
0,598558708011461 -> 0,558895599800748 (esperado: 0,563452337725074)
4,83587339738953 -> -0,980859239760681 (esperado: -0,992385482528094)
3,74102059972892 -> -0,561648235543688 (esperado: -0,564170244607372)
0,550316222335828 -> 0,519067920370474 (esperado: 0,522956790088419)
1,16049583077556 -> 0,916707919031207 (esperado: 0,917001000895057)
5,76533446716093 -> -0,500385815113745 (esperado: -0,495013909510929)
1,32644474319971 -> 0,978081406360734 (esperado: 0,970294398517578)
6,2819771592091 -> -0,0167348878925339 (esperado: -0,0012081476765831)
2,56896315474319 -> 0,543902186254285 (esperado: 0,541843958247809)
0,52049883585097 -> 0,494570897620599 (esperado: 0,497312975323634)
2,64935155946321 -> 0,470483120875437 (esperado: 0,472602095643597)
2,27807785790754 -> 0,772304361282782 (esperado: 0,760131061461116)
4,21266648589283 -> -0,885238556611267 (esperado: -0,877715571325361)
6,15648045961796 -> -0,122089960531707 (esperado: -0,126366097155601)
3,7059158206119 -> -0,530567122831637 (esperado: -0,534844047999549)
5,07315589530277 -> -0,944741518842629 (esperado: -0,935626384111846)
3,39932246722533 -> -0,246943296733135 (esperado: -0,254886005961829)
3,12077478364368 -> 0,0173741347294833 (esperado: 0,0208163662910775)
1,57039342818379 -> 0,98429570053731 (esperado: 0,999999918836356)
3,50935333731539 -> -0,350185512085708 (esperado: -0,359526751245072)
2,7544518016791 -> 0,371045137479211 (esperado: 0,377542412787493)
1,87431722525138 -> 0,945661812376525 (esperado: 0,954290073119701)
2,89778137611221 -> 0,232563552358162 (esperado: 0,241402929598689)
3,41798969398752 -> -0,264512564709162 (esperado: -0,272891218407617)
1,18839373122523 -> 0,931276999286488 (esperado: 0,927770784216393)
1,50974322621977 -> 0,98640185409298 (esperado: 0,998136838304626)
3,95550027461386 -> -0,735677059959559 (esperado: -0,726975936340828)
4,26287015954645 -> -0,905167452472685 (esperado: -0,900656294453916)
0,554140149756677 -> 0,522212258038897 (esperado: 0,526212318397225)
0,669011651926458 -> 0,617732546567144 (esperado: 0,620210995229769)
1,86850471524859 -> 0,946970221682049 (esperado: 0,956011197584829)
5,22003450022033 -> -0,874650922583661 (esperado: -0,873891491166258)
5,49092225696028 -> -0,708896379315656 (esperado: -0,71194428935443)
0,580957691055975 -> 0,544318161501171 (esperado: 0,548824758151771)
0,802546425127937 -> 0,724498535081476 (esperado: 0,719127874685747)
3,04823416492768 -> 0,0870393287532394 (esperado: 0,0932229319820922)
2,21134849108478 -> 0,813225227437127 (esperado: 0,801765885630606)
3,97203436200695 -> -0,747538545354069 (esperado: -0,738229397416491)
3,7010478173349 -> -0,526218909191784 (esperado: -0,530724503801704)
0,0892760094885685 -> 0,0846372245171712 (esperado: 0,0891574653769974)
3,96646085478255 -> -0,743570569223333 (esperado: -0,734458342868236)
4,94051461102196 -> -0,973679643262098 (esperado: -0,974091998469323)
4,960944323451 -> -0,971023616157028 (esperado: -0,96926882435524)
5,05114530385732 -> -0,95172829025127 (esperado: -0,943168686396121)
4,06385598939477 -> -0,80813062407307 (esperado: -0,796970755508638)
1,6939758819123 -> 0,974930858144197 (esperado: 0,99242298650356)
5,67552647043843 -> -0,577240118520557 (esperado: -0,570946962073313)
2,00925034040292 -> 0,906798586629283 (esperado: 0,905409078362986)
3,34077793102886 -> -0,191731472472385 (esperado: -0,197870782595561)
4,71316799523415 -> -0,980656340471096 (esperado: -0,999999696567948)
1,53915192605814 -> 0,985581205010033 (esperado: 0,999499357730364)
5,60318676303985 -> -0,632753036794282 (esperado: -0,628791891980578)
5,36840831859737 -> -0,784535739509982 (esperado: -0,792426576906515)
0,141756878980445 -> 0,135773813705756 (esperado: 0,141282588060631)
3,59127946789429 -> -0,426304041910343 (esperado: -0,434683505631967)
5,00742678993967 -> -0,962804643452225 (esperado: -0,956791148892766)
1,93809202127732 -> 0,929405523409841 (esperado: 0,933301853844027)
0,323030905741399 -> 0,321556873876427 (esperado: 0,317442154425399)
5,64510779829019 -> -0,601279355213419 (esperado: -0,595652316739393)
5,93393791173538 -> -0,338077236712474 (esperado: -0,342190734227924)
1,80983419254707 -> 0,958693263711434 (esperado: 0,971566227069559)
3,34675989083285 -> -0,197380282638497 (esperado: -0,203730892517139)
5,72783700945242 -> -0,533511367227378 (esperado: -0,527239286626891)
1,89995150281673 -> 0,939554766817501 (esperado: 0,946315765207944)
4,93517942778197 -> -0,974290529772308 (esperado: -0,975284692379703)
3,71250236642246 -> -0,536436333015069 (esperado: -0,540397713455635)
3,07034090812685 -> 0,0657675125553567 (esperado: 0,0711914721545185)
3,63170879483686 -> -0,463460002028167 (esperado: -0,470728360235368)
5,35393403449002 -> -0,793376296172337 (esperado: -0,801172101604865)
0,657681655684218 -> 0,608247689205033 (esperado: 0,611283731949562)
2,86180740421799 -> 0,26744019480376 (esperado: 0,276149254934131)
5,71047341239796 -> -0,548356751966039 (esperado: -0,541913208470085)
5,70291227348837 -> -0,554719750575738 (esperado: -0,548252298847027)
1,48111741869522 -> 0,986814106860822 (esperado: 0,995981540944292)
5,82607778971242 -> -0,443968490148554 (esperado: -0,441354437247296)
4,09712249783672 -> -0,827708054594077 (esperado: -0,816619668524805)
3,19655820897997 -> -0,0549927792766182 (esperado: -0,0549378824689792)
4,12982137943447 -> -0,845651690257784 (esperado: -0,835052787460701)
5,63731901177234 -> -0,607270282697609 (esperado: -0,601890469295492)
5,77760315649252 -> -0,489248686248456 (esperado: -0,484316841735747)
2,11740206296093 -> 0,862370099631663 (esperado: 0,854293746036204)
1,94624993421094 -> 0,927062362945628 (esperado: 0,93034138225205)
0,922092228517588 -> 0,799742977687557 (esperado: 0,796867391979231)
2,12415746170212 -> 0,859168670369675 (esperado: 0,850762887499298)
5,41304503304791 -> -0,757291016519597 (esperado: -0,764419381989422)
2,54850325938832 -> 0,562075351608889 (esperado: 0,558925467093135)
6,13481148880255 -> -0,141845539662476 (esperado: -0,147830014233991)
5,34916537797983 -> -0,796291730038974 (esperado: -0,804016707680526)
3,27286353034127 -> -0,127479358212107 (esperado: -0,130894190551017)
2,07830494236786 -> 0,879898982150377 (esperado: 0,873958035018482)
1,11014214365036 -> 0,890011067538875 (esperado: 0,895761882442285)
1,88831758534338 -> 0,942395338900396 (esperado: 0,950012230331775)
4,61011187089635 -> -0,975250621808563 (esperado: -0,994774254193761)
4,0502952127791 -> -0,799775683483515 (esperado: -0,788706776624068)
4,56262712412108 -> -0,971008619024744 (esperado: -0,988806637653123)
0,6197009639497 -> 0,576486098445877 (esperado: 0,580791755563002)
5,49586290874913 -> -0,705742634288091 (esperado: -0,708466110892488)
3,06099282063427 -> 0,0747581999430464 (esperado: 0,080512594070243)
0,115965876075356 -> 0,110061883563641 (esperado: 0,115706130975487)
0,351353622972302 -> 0,348510318856429 (esperado: 0,344169049405857)
4,90682028096504 -> -0,977026745955818 (esperado: -0,98115770581488)
2,04381767560157 -> 0,893968549839042 (esperado: 0,890195893480114)
2,93850161309249 -> 0,193086614595274 (esperado: 0,201697802357685)
2,68309627534464 -> 0,438891387951655 (esperado: 0,442600281588201)
1,85136059101616 -> 0,950670397152154 (esperado: 0,960899347717025)
2,11186382083976 -> 0,864956550936872 (esperado: 0,857159355660576)
6,18345979673107 -> -0,0980875551276911 (esperado: -0,0995602946422611)
3,88729089990214 -> -0,684040875723126 (esperado: -0,678484917559234)
0,598864396447611 -> 0,559149317529933 (esperado: 0,56370485546014)
5,77734227723716 -> -0,4894869578423 (esperado: -0,484545066602522)
1,8108685809597 -> 0,958508888766215 (esperado: 0,971320797311786)
4,09145594902243 -> -0,824466664891975 (esperado: -0,813335978453926)
0,968897201148649 -> 0,823137035172867 (esperado: 0,824261800192537)
6,15068994897725 -> -0,127328958050698 (esperado: -0,132108038552916)
3,81653584877446 -> -0,626508215787884 (esperado: -0,624852967805326)
6,14676956551572 -> -0,130892826917499 (esperado: -0,135993035956778)
2,42466766231526 -> 0,666151684556217 (esperado: 0,657069748975462)
3,6036795477503 -> -0,437735467511025 (esperado: -0,445817105607897)
2,77009177694841 -> 0,35603404633094 (esperado: 0,363014332481816)
2,38667616839364 -> 0,695645254210834 (esperado: 0,685227844812598)
3,8608761847995 -> -0,662988312655485 (esperado: -0,658845857436123)
4,0043608373266 -> -0,769921265777055 (esperado: -0,759645723765579)
0,358845264495588 -> 0,355491922163248 (esperado: 0,351193285360809)
3,27562909212217 -> -0,130100293211192 (esperado: -0,133635454333896)
5,83072481921344 -> -0,439531672936628 (esperado: -0,437179754495006)
0,973489818874607 -> 0,825308955397083 (esperado: 0,826853479238995)
1,10036154150161 -> 0,884992793370003 (esperado: 0,891371295634866)
1,65261706070927 -> 0,978869574401779 (esperado: 0,996654550755195)
3,20167560175373 -> -0,0598651881586132 (esperado: -0,0600468051750883)
5,20637682576272 -> -0,88252142009289 (esperado: -0,880449064490522)
4,88444489626718 -> -0,978649450466893 (esperado: -0,985234859546866)
0,135565388345696 -> 0,129518537086563 (esperado: 0,135150533530061)
4,01385550335911 -> -0,776284304103841 (esperado: -0,765786124515771)
5,28596538880003 -> -0,83502205133305 (esperado: -0,839965650431743)
0,870782875527479 -> 0,770453318962371 (esperado: 0,764833521670909)
0,0735843873593583 -> 0,0704129347360243 (esperado: 0,0735179995701683)
5,29093362829804 -> -0,8319800217226 (esperado: -0,837259331579011)
4,52218126035253 -> -0,966367361537397 (esperado: -0,981964984156246)
0,272796870685956 -> 0,271675641609692 (esperado: 0,269425932491813)
3,30118121220814 -> -0,154297511202308 (esperado: -0,15891200698322)
2,64822876983685 -> 0,471527497097463 (esperado: 0,473591285009861)
2,2475205889004 -> 0,791653159015391 (esperado: 0,779628304351541)
4,75030098153222 -> -0,981454986763324 (esperado: -0,99928142615905)
3,7787065602837 -> -0,594398436107929 (esperado: -0,594878034200112)
0,267436361408161 -> 0,266214351722148 (esperado: 0,264259802620215)
3,30187150180751 -> -0,154950742878735 (esperado: -0,159593486985132)
0,919420384194732 -> 0,79832216675267 (esperado: 0,795250343475126)
4,74260722909868 -> -0,981338737329952 (esperado: -0,999543463464161)
0,233759364004647 -> 0,231448610414363 (esperado: 0,231636270330735)
4,69904286578495 -> -0,980196255118744 (esperado: -0,999910941934467)
4,47821860881402 -> -0,960100139500643 (esperado: -0,972707179788149)
1,89218336099883 -> 0,941464318777229 (esperado: 0,948798190543633)
0,29090104368586 -> 0,289936964946502 (esperado: 0,28681552850215)
4,0124750148613 -> -0,775365240134429 (esperado: -0,764897609385309)
2,77366274535238 -> 0,352601296192911 (esperado: 0,359684655373823)
0,902459443638438 -> 0,789047521456528 (esperado: 0,784853353650881)
1,68497241110598 -> 0,975863005752067 (esperado: 0,993488988723759)
5,94605782814991 -> -0,325950422338601 (esperado: -0,330777637455582)
3,13555676331078 -> 0,00322621228316589 (esperado: 0,00603585362918057)
0,877870772141552 -> 0,774764046363067 (esperado: 0,769380492843204)
1,01150227933815 -> 0,842833819959314 (esperado: 0,847629892106802)
4,5308427360218 -> -0,967447263517645 (esperado: -0,983565693307976)
0,685615298148414 -> 0,63160498288138 (esperado: 0,633149390329685)
1,67567287786448 -> 0,97678133606589 (esperado: 0,994505493503503)
0,89289738096998 -> 0,783614606682481 (esperado: 0,77889212971829)
1,675303192614 -> 0,976816922806579 (esperado: 0,99454412582275)
0,0776004456633196 -> 0,0739959834627646 (esperado: 0,0775225863386151)
1,9661171195282 -> 0,921092461025933 (esperado: 0,922873073202694)
5,27990707344978 -> -0,838726966141384 (esperado: -0,843237697315728)
3,7429514614151 -> -0,563342680788109 (esperado: -0,565763424275777)
0,855835937217686 -> 0,761072925499356 (esperado: 0,755119209902244)
4,18567170914232 -> -0,873265554622405 (esperado: -0,864461947438041)
3,33088267706435 -> -0,182383649917171 (esperado: -0,188161647481516)
5,75209587191985 -> -0,512242058957727 (esperado: -0,506473013462934)
6,02163270573638 -> -0,250510704367441 (esperado: -0,258580659908662)
1,6133555958991 -> 0,981839413642896 (esperado: 0,999094490997425)
5,53724516297396 -> -0,678714515330051 (esperado: -0,678662599366125)
2,86332401139147 -> 0,265970401845843 (esperado: 0,274691304362729)
3,00819273071401 -> 0,125655529616756 (esperado: 0,133004620839319)
2,52885331740593 -> 0,579298233651531 (esperado: 0,575110599379009)
0,0540694346798753 -> 0,0536226015380288 (esperado: 0,0540430931646553)
2,64093961958251 -> 0,478296099729922 (esperado: 0,479998527594255)
1,41885769670462 -> 0,986105500808242 (esperado: 0,988479514815283)
4,78581804314837 -> -0,98164619143174 (esperado: -0,997305297478186)
0,728158216948698 -> 0,666722199542592 (esperado: 0,66549605512959)
2,99226153526835 -> 0,141048252843565 (esperado: 0,148776728235086)
6,12784965183942 -> -0,148277409428832 (esperado: -0,154711721934785)
0,00138048849781561 -> 0,0144417181728307 (esperado: 0,00138048805933834)
2,51230264344765 -> 0,593616556150432 (esperado: 0,588570918165009)
6,25150873906863 -> -0,0407813852466076 (esperado: -0,031671270972427)
4,67179728343296 -> -0,979063985414071 (esperado: -0,999176270182606)
5,62806110732772 -> -0,614305162670782 (esperado: -0,609257735066033)
1,38662449704175 -> 0,984555668702523 (esperado: 0,98308825257766)
5,67811140572399 -> -0,575149922387672 (esperado: -0,568822858807965)
2,28967893286999 -> 0,764693818351877 (esperado: 0,752542052073523)
4,40057134099464 -> -0,945392079545952 (esperado: -0,951777510431599)
1,56190529075199 -> 0,984686466920408 (esperado: 0,999960474999416)
3,07462810366775 -> 0,0616463818291022 (esperado: 0,0669145135010988)
2,88580917931372 -> 0,244172577440806 (esperado: 0,253003470438745)
4,87531847597375 -> -0,979192627797293 (esperado: -0,986756325897856)
3,22427105614419 -> -0,0813589621869779 (esperado: -0,0825842403659485)
5,23648857184612 -> -0,864965192674719 (esperado: -0,865774887256601)
5,7458854628285 -> -0,517744340487873 (esperado: -0,511818173285586)
2,77399320976914 -> 0,352283528262441 (esperado: 0,359376288009178)
3,84320692856726 -> -0,648613752525583 (esperado: -0,6454515129281)
0,292546899671706 -> 0,291582118908535 (esperado: 0,288391846035922)
4,84448599111406 -> -0,98058235904496 (esperado: -0,99128786955295)
0,821990478945594 -> 0,738390833262243 (esperado: 0,732502327377778)
4,2740276163045 -> -0,909193056143539 (esperado: -0,905448407928139)
1,16030714945328 -> 0,916607398588387 (esperado: 0,916925722442007)
1,64839958784406 -> 0,979223311893079 (esperado: 0,996990377787668)
5,10483370689409 -> -0,932934537605128 (esperado: -0,923976840141211)
2,9378650974359 -> 0,193703434792701 (esperado: 0,202321195317114)
0,60670344590485 -> 0,565661966683187 (esperado: 0,570162338215039)
0,823801337461677 -> 0,739653733343001 (esperado: 0,733733893930457)
4,65374796693522 -> -0,97813246371452 (esperado: -0,998281108428024)
3,11198503931717 -> 0,025794551963747 (esperado: 0,0296032887363633)
2,18298256217963 -> 0,829115231652121 (esperado: 0,818393636926767)
0,947514660915779 -> 0,812768452822253 (esperado: 0,811967314364766)
4,18382115288122 -> -0,87241210158448 (esperado: -0,863530196355175)
1,83063884795417 -> 0,954835450281776 (esperado: 0,966430450898597)
0,076219957165504 -> 0,0727597093697929 (esperado: 0,0761461788562344)
5,73699978326014 -> -0,525548879230981 (esperado: -0,519431499814734)
5,31158364156073 -> -0,819317579303472 (esperado: -0,825790075721802)
5,35433948516172 -> -0,793128484438001 (esperado: -0,800929400287997)
1,51096013706956 -> 0,986375633442313 (esperado: 0,998210349262771)
2,79904721210056 -> 0,328150008461224 (esperado: 0,335885736012933)
3,93595657851994 -> -0,721313277557996 (esperado: -0,713418026872032)
3,46241693904986 -> -0,306246854822251 (esperado: -0,315348894615246)
1,62106136474175 -> 0,981312628317437 (esperado: 0,99873697894005)
0,051450305147112 -> 0,0514528601737365 (esperado: 0,0514276088435103)
2,46261705930622 -> 0,635463284877773 (esperado: 0,627996144289869)
6,26070013925733 -> -0,033418945001685 (esperado: -0,0224832732845445)
4,41605956191985 -> -0,948733671975296 (esperado: -0,956414782005984)
5,58776756844133 -> -0,643867453245144 (esperado: -0,64070622943068)
1,10076617001334 -> 0,885198741784996 (esperado: 0,891554630197145)
3,1782394639336 -> -0,0375367714993334 (esperado: -0,036638608185853)
4,92804979411507 -> -0,975057118781096 (esperado: -0,976835197996689)
0,942611114581108 -> 0,810321036046824 (esperado: 0,809095349835661)
0,435611317276992 -> 0,423761059284633 (esperado: 0,421964707914574)
4,43096085133387 -> -0,951749036396995 (esperado: -0,960659786853472)
5,30585917289383 -> -0,822829222836107 (esperado: -0,829004999934143)
2,0105381793729 -> 0,906342919871425 (esperado: 0,904861588247209)
1,35199549399437 -> 0,981538232485174 (esperado: 0,976158441402693)
4,60310915122457 -> -0,974700752380532 (esperado: -0,994034899325292)
5,85014888371846 -> -0,420830144673674 (esperado: -0,419628881370452)
2,69019600989182 -> 0,432198455575711 (esperado: 0,436222713248465)
0,779921051136902 -> 0,70762196657513 (esperado: 0,703223291193138)
4,85431006826231 -> -0,980209626245084 (esperado: -0,989946094557143)
3,91911627311436 -> -0,70865065712046 (esperado: -0,701516772179068)
1,28858630167746 -> 0,970362675160423 (esperado: 0,960442338885448)
5,66210803575194 -> -0,58797098255337 (esperado: -0,581911591225051)
2,12711344275197 -> 0,857751691241137 (esperado: 0,849205657840158)
4,98517333361209 -> -0,967149971733144 (esperado: -0,963024486915163)
3,04467962801958 -> 0,0904629063522762 (esperado: 0,0967613934329705)
3,14805109897869 -> -0,00871966980230177 (esperado: -0,00645840049039664)
5,78267409576557 -> -0,484604917385006 (esperado: -0,479874106161204)
0,43430182126776 -> 0,422640000831455 (esperado: 0,420777141332656)
3,702839031787 -> -0,527819871363965 (esperado: -0,532241785357484)
2,33224679149771 -> 0,735554767546778 (esperado: 0,723835992379936)
3,77668499475073 -> -0,592659785836053 (esperado: -0,593251853081816)
0,908529412594121 -> 0,792418681195652 (esperado: 0,788600319544636)
3,64275884707532 -> -0,473552176216022 (esperado: -0,480448643427847)
2,65296625156275 -> 0,467117733809533 (esperado: 0,469413473944554)
1,10885684430617 -> 0,889346942846736 (esperado: 0,8951897831944)
5,46896783571743 -> -0,722758579108569 (esperado: -0,727188664251535)
5,12731887481635 -> -0,923312626688806 (esperado: -0,915144584105025)
4,80499084269564 -> -0,981500592619067 (esperado: -0,995715510523649)
1,30212118464311 -> 0,973526598041119 (esperado: 0,964123431671276)
6,00622047462792 -> -0,265808343045046 (esperado: -0,273437415933836)
1,47550850300162 -> 0,986846540765132 (esperado: 0,995463549371031)
4,46712055238169 -> -0,958297069201292 (esperado: -0,970072181112599)
1,24037144759852 -> 0,954907594313867 (esperado: 0,945904579000151)
0,511903343638787 -> 0,487502697186747 (esperado: 0,489837494323112)
6,03604560872693 -> -0,236279811244286 (esperado: -0,244631569288991)
2,80796498223992 -> 0,319542289001979 (esperado: 0,327472819372192)
4,34886708497219 -> -0,932603628231726 (esperado: -0,934650348928803)
4,38500428926577 -> -0,941812376360512 (esperado: -0,94688657978476)
0,708474490336168 -> 0,650581416410474 (esperado: 0,650676124632722)
5,78737590862285 -> -0,480278598358797 (esperado: -0,475743740994108)
5,10394943435733 -> -0,933292190185296 (esperado: -0,924314667491124)
2,01912616096366 -> 0,903260513782526 (esperado: 0,901172310710224)
5,36483181743722 -> -0,786719105741944 (esperado: -0,7946030529487)
5,82648597311509 -> -0,443579381773946 (esperado: -0,44098812410971)
0,332475063064286 -> 0,330642643597441 (esperado: 0,326383547932815)
0,672527576574755 -> 0,620673771768384 (esperado: 0,622965170580589)
0,335503616554248 -> 0,333535534925468 (esperado: 0,32924474882693)
1,27552680564524 -> 0,966838385940575 (esperado: 0,956723747031463)
1,37137993390027 -> 0,983429266839907 (esperado: 0,980182355763743)
2,43971646946264 -> 0,654122963171411 (esperado: 0,645651537323041)
1,60127738142736 -> 0,982611630791172 (esperado: 0,999535488620505)
2,74393764266584 -> 0,381112855500227 (esperado: 0,387257395618721)
1,22521076232807 -> 0,94867540241234 (esperado: 0,940877255320161)
4,89354963026299 -> -0,978041055508005 (esperado: -0,983635239510316)
2,94211162970585 -> 0,189588534394515 (esperado: 0,198160672917427)
3,52243143873975 -> -0,36239286763956 (esperado: -0,371699288944763)
1,66310032581851 -> 0,977952809448258 (esperado: 0,995743009643308)
5,64075723498974 -> -0,60463388798757 (esperado: -0,599141225459755)
0,243138649688196 -> 0,241198463598341 (esperado: 0,240750140235728)
5,41732662268672 -> -0,754671500878444 (esperado: -0,761651960179094)
0,722830008902108 -> 0,662376546956387 (esperado: 0,661509645549803)
4,16839047437576 -> -0,865131701084114 (esperado: -0,855646054454127)
5,76098517367338 -> -0,504299771650098 (esperado: -0,498788251762514)
5,13127490081398 -> -0,921517279490149 (esperado: -0,913542651158089)
2,44360777011274 -> 0,650982016043977 (esperado: 0,642675134166536)
3,10465105647536 -> 0,03282479850152 (esperado: 0,0369331954347716)
4,42173658815342 -> -0,949905130730896 (esperado: -0,958057118593983)
1,61521009911318 -> 0,981715081718899 (esperado: 0,999013870532085)
5,23231303206475 -> -0,867441327072278 (esperado: -0,867856914386439)
0,236714645779657 -> 0,234525156240081 (esperado: 0,234510160026066)
5,08236932118609 -> -0,941521641977854 (esperado: -0,932334454495464)
1,3976698064998 -> 0,985202694790226 (esperado: 0,985050998618121)
6,00901263811118 -> -0,263031628587059 (esperado: -0,270750599977867)
4,19864843034374 -> -0,879132262061023 (esperado: -0,870912354894275)
3,51148266431997 -> -0,352174251593891 (esperado: -0,361512883773839)
1,75755883378707 -> 0,967055350472103 (esperado: 0,982610517035183)
1,82688290233649 -> 0,955555478230577 (esperado: 0,967388640816966)
4,09945818113982 -> -0,829032850424611 (esperado: -0,817965540514282)
2,32049118849847 -> 0,743789393826175 (esperado: 0,731896828897059)
0,436329267731416 -> 0,424375170798458 (esperado: 0,422615501789393)
5,13346421916318 -> -0,920510948746076 (esperado: -0,912649972716769)
3,85179206917111 -> -0,655626128263374 (esperado: -0,651984987234286)
3,43361090879537 -> -0,279200478045057 (esperado: -0,287885622089708)
5,14559002236006 -> -0,914776899239575 (esperado: -0,907626674084957)
4,40494309320056 -> -0,946357166179152 (esperado: -0,953109616942855)
5,01475616751536 -> -0,961192369613256 (esperado: -0,954634261500335)
3,24190979005362 -> -0,0981159643697854 (esperado: -0,100148963723605)
2,63000712451512 -> 0,488409209078418 (esperado: 0,489560394479907)
3,85297702111252 -> -0,656589875019677 (esperado: -0,652882997626845)
2,51361416998718 -> 0,592488461075706 (esperado: 0,587510114419171)
1,14486465642142 -> 0,908352363918609 (esperado: 0,910654190557694)
4,99129515716204 -> -0,966033940992391 (esperado: -0,961357147549635)
4,14186563957757 -> -0,851931494955707 (esperado: -0,841618448410955)
1,57433317482903 -> 0,984103817698316 (esperado: 0,999993745359512)
5,06454589972074 -> -0,947592170744643 (esperado: -0,938630925388196)
0,935558959981564 -> 0,806749107556971 (esperado: 0,804930873138383)
2,54132629446987 -> 0,568392993937125 (esperado: 0,564862289030568)
0,233556916623235 -> 0,231237716985978 (esperado: 0,231439324273366)
3,38287820300235 -> -0,231451622347078 (esperado: -0,23895113262807)
3,51100931376851 -> -0,351732192399995 (esperado: -0,361071506802428)
2,53397629560092 -> 0,574830784975486 (esperado: 0,570912087057066)
5,00347882462065 -> -0,96363481541885 (esperado: -0,957931663108063)
2,32639908076007 -> 0,739668613432657 (esperado: 0,72785835045036)
1,13466528812061 -> 0,902905465497587 (esperado: 0,906392830883265)
3,64053245545614 -> -0,471521208620909 (esperado: -0,478494857942316)
0,203607574927566 -> 0,199909528144409 (esperado: 0,202203693940203)
3,01811031173425 -> 0,116081024667238 (esperado: 0,123168773511926)
3,30974763916391 -> -0,162402401444258 (esperado: -0,167363644030901)
1,38206696594302 -> 0,984248831181296 (esperado: 0,982243413823606)
1,18455279591878 -> 0,929319675823202 (esperado: 0,926330696825087)
1,69554853640326 -> 0,974763620828728 (esperado: 0,992228529969519)
3,84682745185827 -> -0,651577369218113 (esperado: -0,648212636744447)
3,32026604649127 -> -0,172349250142238 (esperado: -0,177724242246127)
6,08999468913637 -> -0,183907660908323 (esperado: -0,1919911287965)
0,283862403523539 -> 0,282872394154687 (esperado: 0,280065561889576)
3,15422324691058 -> -0,0146167084995832 (esperado: -0,0126302574930704)
0,734779565580386 -> 0,672094190793224 (esperado: 0,670423614315288)
0,615395151313316 -> 0,572896872116811 (esperado: 0,577281226332755)
0,726331807613425 -> 0,665234777226716 (esperado: 0,664131711492079)
3,71203690977697 -> -0,536022110077598 (esperado: -0,54000601518702)
6,14592657360133 -> -0,131660917368927 (esperado: -0,136828147882236)
1,7917294636383 -> 0,961798220976851 (esperado: 0,975693386379967)
4,04541838518024 -> -0,796718967430343 (esperado: -0,785699284252581)
2,71869886207757 -> 0,405189650117879 (esperado: 0,410401031099378)
5,37503529653783 -> -0,780491558117231 (esperado: -0,788366966210041)
0,0910741640240455 -> 0,0863042550457431 (esperado: 0,0909483137355275)
3,53898947410181 -> -0,377821736589134 (esperado: -0,387019338475473)
4,43467946328215 -> -0,95247185957212 (esperado: -0,961685904646757)
5,41728783780259 -> -0,754695240510839 (esperado: -0,761677091681184)
2,5759237043384 -> 0,537667020600676 (esperado: 0,535980683083595)
5,49941784649678 -> -0,703464795401018 (esperado: -0,70595276058406)
1,59332598571326 -> 0,983084834983995 (esperado: 0,999746217969458)
0,716579978137472 -> 0,657255696673076 (esperado: 0,656809628694798)
5,09266718190954 -> -0,9377146111879 (esperado: -0,928561409000146)
4,18553827931008 -> -0,873204159172892 (esperado: -0,8643948647984)
0,12998539454253 -> 0,123922665272897 (esperado: 0,129619660390801)
1,52539298841104 -> 0,986013169100769 (esperado: 0,998969445487561)
2,29894562067477 -> 0,7585116445767 (esperado: 0,746407305202211)
1,50505756690392 -> 0,986496387259569 (esperado: 0,997839985782453)
4,20133551827299 -> -0,880321323115163 (esperado: -0,872229747229277)
1,99664585578111 -> 0,911168751049135 (esperado: 0,91068812579238)
6,21534745806929 -> -0,0706340140750641 (esperado: -0,0677858297476039)
1,2479401585721 -> 0,957779693282769 (esperado: 0,948333092504818)
2,66842422519374 -> 0,452673886038741 (esperado: 0,455708877687077)
0,818065633583917 -> 0,735635168076033 (esperado: 0,729824796867567)
3,58122251174273 -> -0,417012316598002 (esperado: -0,425604549443971)
1,67102911067077 -> 0,977223305953619 (esperado: 0,994980898709758)
4,33505625762079 -> -0,928736987611292 (esperado: -0,929650678698926)
1,29047077130549 -> 0,970832275942885 (esperado: 0,960965418284551)
1,91032265281016 -> 0,936923648233504 (esperado: 0,942912523920696)
0,200779394401178 -> 0,196945199073018 (esperado: 0,199433128779878)
1,92593114315656 -> 0,932784007264656 (esperado: 0,937599619430028)
5,7904104161894 -> -0,477476101859583 (esperado: -0,473072450615558)
5,95402660040497 -> -0,317971252496787 (esperado: -0,323247014799565)
3,64826804734676 -> -0,478572341359438 (esperado: -0,485273022478625)
0,742246831962624 -> 0,678110814630274 (esperado: 0,675945423005706)
0,958060439440409 -> 0,817939593259701 (esperado: 0,818077651397399)
5,89088552586208 -> -0,380924399370956 (esperado: -0,382314496417684)
2,04281529876237 -> 0,894358323498553 (esperado: 0,890652106975871)
3,54945829143209 -> -0,387559599640427 (esperado: -0,396650953559956)
2,94780340800534 -> 0,184074100527267 (esperado: 0,192578585431151)
4,86661615563169 -> -0,979651908603786 (esperado: -0,988130544475536)
4,17564510854092 -> -0,868591031416209 (esperado: -0,859378224215528)
5,08932856878421 -> -0,938972937188988 (esperado: -0,929795454123511)
1,96832025660159 -> 0,920407059621682 (esperado: 0,922022396691886)
0,102222550690004 -> 0,0967947547010883 (esperado: 0,102044615445227)
3,1302474737208 -> 0,00830590581843604 (esperado: 0,0113449364916677)
4,51078417176131 -> -0,964871215312104 (esperado: -0,979746489686119)
1,90445640982629 -> 0,938423455941356 (esperado: 0,94484998510392)
0,153877008981009 -> 0,148141352200758 (esperado: 0,153270474103588)
1,62883025849955 -> 0,980754208716042 (esperado: 0,998316503957443)
4,71901925208521 -> -0,980821755513426 (esperado: -0,999978019829111)
5,39352289158898 -> -0,769213239360641 (esperado: -0,776859223564801)
2,80818159652002 -> 0,319333106567128 (esperado: 0,327268141392431)
1,71539105399586 -> 0,972537782184311 (esperado: 0,989564383461007)
6,21376442271163 -> -0,0719725041331116 (esperado: -0,0693651383630371)
0,5437893050662 -> 0,513703767023344 (esperado: 0,517382412534771)
1,3769941599865 -> 0,983877892042885 (esperado: 0,981279065675425)
1,90063322849366 -> 0,939384699781218 (esperado: 0,946095181812749)
1,7938127847951 -> 0,961452536286967 (esperado: 0,975234729985181)
4,70323036053286 -> -0,980341624683157 (esperado: -0,999958060134367)
5,48711852366061 -> -0,711315275273642 (esperado: -0,714610250842332)
3,14420869197665 -> -0,00504714021072983 (esperado: -0,00261603540298282)
3,50696518499243 -> -0,347954509002477 (esperado: -0,357297260135197)
2,37514430993722 -> 0,704338516470008 (esperado: 0,693581081389513)
3,57348670334023 -> -0,409853563816489 (esperado: -0,418591680005135)
2,08610087670345 -> 0,876538900297877 (esperado: 0,870142680497047)
1,04573868491209 -> 0,85851396749423 (esperado: 0,865295049324124)
1,44439913456278 -> 0,9867020827598 (esperado: 0,992022504259715)
3,44329144734746 -> -0,288295525028061 (esperado: -0,297142699124122)
5,45511026228171 -> -0,731399984865917 (esperado: -0,736630899190343)
1,91769276972854 -> 0,934996183641712 (esperado: 0,940432390005763)
0,256130321912398 -> 0,254623466068297 (esperado: 0,253339018290579)
4,23878458265142 -> -0,895981207987218 (esperado: -0,889930117949417)
1,25353211026765 -> 0,95979554289435 (esperado: 0,950092450727197)
3,413215007329 -> -0,260020454937577 (esperado: -0,268294662297676)
2,03970234952837 -> 0,895561970986118 (esperado: 0,892063201888745)
2,44179689696748 -> 0,652445242492757 (esperado: 0,644061459850167)
0,700103968592155 -> 0,643655407404785 (esperado: 0,644297203321155)
0,715843082893913 -> 0,656650394168648 (esperado: 0,656253789813966)
0,450975038021926 -> 0,436826035972352 (esperado: 0,435843297372979)
3,44343024608905 -> -0,288425887554083 (esperado: -0,297275225891802)
2,43059984779451 -> 0,661432678554218 (esperado: 0,652586355718958)
1,13659376232448 -> 0,903933186311398 (esperado: 0,907205801549441)
0,28149239431061 -> 0,280483360578136 (esperado: 0,27778961394479)
1,76494544949556 -> 0,965983289269968 (esperado: 0,981212185940256)
2,81559355874716 -> 0,312172809367251 (esperado: 0,320255419287376)
2,98222881966938 -> 0,1507493206119 (esperado: 0,158690133907469)
4,23863554640911 -> -0,895922229305424 (esperado: -0,889862133097601)
3,71768893181472 -> -0,541046314717314 (esperado: -0,544754451949685)
0,198457526896424 -> 0,194511861221522 (esperado: 0,197157368719182)
5,86425158663349 -> -0,407109073453588 (esperado: -0,406786613465435)
3,99025229736842 -> -0,760287183457518 (esperado: -0,750395118031475)
0,249002513967268 -> 0,247270619153108 (esperado: 0,246437359726411)
5,12941323807882 -> -0,922365868266034 (esperado: -0,914298285834772)
3,74387019152432 -> -0,564148331209649 (esperado: -0,566520740491455)
1,72240746365504 -> 0,971698121344135 (esperado: 0,988529029449756)
0,668679923548485 -> 0,617454970919937 (esperado: 0,619950741748174)
2,71418425884698 -> 0,409481418265875 (esperado: 0,414513724712244)
4,67801886044095 -> -0,979351251225526 (esperado: -0,999409405570314)
4,29930698116615 -> -0,917787778176831 (esperado: -0,915887955391007)
2,08450878880871 -> 0,877230532585322 (esperado: 0,870926158084957)
3,06638503719853 -> 0,0695713572358447 (esperado: 0,075136738400172)
4,74435026965842 -> -0,981367350785256 (esperado: -0,999489281472138)
0,981952053878888 -> 0,829270301139045 (esperado: 0,831583125513891)
5,99432279595059 -> -0,277662310709191 (esperado: -0,284862048697595)
4,46288893017281 -> -0,957584758538471 (esperado: -0,969035990172775)
1,15473830893756 -> 0,913635092019046 (esperado: 0,914689226236597)
1,55464948625237 -> 0,984995993612593 (esperado: 0,999869642602521)
4,58536135384645 -> -0,973192352608037 (esperado: -0,991942834009241)
4,17406207318326 -> -0,867841697808667 (esperado: -0,858567677721892)
4,38517771527831 -> -0,941853506781899 (esperado: -0,946942333754113)
0,676890191394348 -> 0,62432100220618 (esperado: 0,626371885085932)
1,18479014559975 -> 0,929441207021792 (esperado: 0,926420083050279)
1,34283774677317 -> 0,980437379343521 (esperado: 0,974129763727483)
1,25980011444382 -> 0,961946591116712 (esperado: 0,95202919418808)
3,0565186758661 -> 0,0790635487311571 (esperado: 0,0849713932100704)
2,00761492965217 -> 0,907374775383997 (esperado: 0,906102164909122)
3,22547279068182 -> -0,0825012152244839 (esperado: -0,0837818099624905)
0,610198860441667 -> 0,568569811395681 (esperado: 0,573030444339089)
0,757893144593062 -> 0,690553291856684 (esperado: 0,687392792566588)
5,38705736421366 -> -0,773157598793031 (esperado: -0,780914134257219)
3,09028844568257 -> 0,0466042687044801 (esperado: 0,0512817043821194)
4,00989550992765 -> -0,773642349894498 (esperado: -0,763233473516264)
3,24483392045103 -> -0,100892155588577 (esperado: -0,103057960612501)
5,8740439828278 -> -0,397519612411588 (esperado: -0,397821671812097)
4,2106257795397 -> -0,884364496934394 (esperado: -0,876735874665734)
0,00712780794513027 -> 0,0182185842689375 (esperado: 0,00712774758980227)
5,39255665175219 -> -0,769802762416626 (esperado: -0,777467277234993)
3,79284722592291 -> -0,606497875299263 (esperado: -0,606184673915513)
1,69080754367396 -> 0,975263773173954 (esperado: 0,992807292994058)
1,37102242597989 -> 0,983399290263732 (esperado: 0,98011147176372)
6,01079794530008 -> -0,261257353541356 (esperado: -0,269031544284646)
2,3052704153308 -> 0,754240078325263 (esperado: 0,742183320270064)
2,69972140890735 -> 0,423196201158352 (esperado: 0,42763173009133)
4,6496515563928 -> -0,977900398709883 (esperado: -0,998032653229621)
0,377045208890514 -> 0,372199696136068 (esperado: 0,368174844183704)
3,96943488531567 -> -0,745691777306243 (esperado: -0,736473428845676)
0,154641708445596 -> 0,148926471524667 (esperado: 0,154026093202481)
0,570354905539605 -> 0,535564872420605 (esperado: 0,53993081006211)
3,58524182650233 -> -0,420727898753926 (esperado: -0,429238217000004)
1,66085524980961 -> 0,978153683512739 (esperado: 0,995947435367986)
1,427579333417 -> 0,986364189468358 (esperado: 0,98976196381997)
5,93645949974225 -> -0,335555504933171 (esperado: -0,339820287812505)
5,82681216581105 -> -0,443268347299064 (esperado: -0,440695338488966)
2,0964651187977 -> 0,871968028309269 (esperado: 0,864988540876478)
5,18736139523914 -> -0,893155691783716 (esperado: -0,889305337032447)
2,80546215176868 -> 0,321958917547628 (esperado: 0,329836617132277)
5,18935007437368 -> -0,892063526246523 (esperado: -0,888394128458075)
3,869613123635 -> -0,670011338657762 (esperado: -0,665393234339225)
0,687351515658222 -> 0,633052366683965 (esperado: 0,634492319131627)
5,99797784118245 -> -0,274017178662082 (esperado: -0,281356542404734)
3,72639244004625 -> -0,548758193175567 (esperado: -0,55203245081275)
2,10398539840532 -> 0,86857682999953 (esperado: 0,861190503773987)
3,92012571584788 -> -0,709416907436713 (esperado: -0,702235796978706)
5,19543492413207 -> -0,888691563056898 (esperado: -0,885584256896087)
5,27740565030573 -> -0,840254873314331 (esperado: -0,84457967496663)
5,33967483445047 -> -0,802098669107197 (esperado: -0,809623554997256)
1,49951634920739 -> 0,986594840673853 (esperado: 0,997460657835676)
1,39109337823067 -> 0,984833415965861 (esperado: 0,983896830372207)
1,78369701641089 -> 0,963103383725732 (esperado: 0,977422123531978)
4,45576112222768 -> -0,956353310487749 (esperado: -0,967251394007982)
2,04536696436496 -> 0,893364001113186 (esperado: 0,889489003592634)
4,04498756750904 -> -0,79644762432336 (esperado: -0,785432703817883)
2,89455381017249 -> 0,23569327093472 (esperado: 0,244533777378227)
2,80303964720337 -> 0,324297391127518 (esperado: 0,332122583510675)
4,65756507715782 -> -0,978341771004073 (esperado: -0,998497546196201)
4,65480508324314 -> -0,978191097249271 (esperado: -0,998342505478834)
4,76825404387198 -> -0,981623884707135 (esperado: -0,998439953133981)
2,97637149755996 -> 0,156415492533037 (esperado: 0,164470479339139)
0,882754905553302 -> 0,777683436003811 (esperado: 0,77249124314283)
5,37026909773001 -> -0,783400010586484 (esperado: -0,791290191230319)
1,85297322120657 -> 0,950332314461538 (esperado: 0,960451564561777)
2,65511788514221 -> 0,465112253841287 (esperado: 0,46751254268907)
3,30814234111892 -> -0,160883864999736 (esperado: -0,165780773373885)
5,38022320196304 -> -0,777326501216633 (esperado: -0,785164744585573)
3,95947803079665 -> -0,738555440423526 (esperado: -0,729701555581119)
3,43701425311991 -> -0,282398626085882 (esperado: -0,291143211606365)
4,46626865129619 -> -0,958154781893821 (esperado: -0,969864973295529)
1,14836880165333 -> 0,910227621847133 (esperado: 0,912096402173261)
0,686682587588658 -> 0,632494812279774 (esperado: 0,633975143198225)
1,40516362777102 -> 0,985569721103605 (esperado: 0,986314235628195)
1,10096304075104 -> 0,885298998446585 (esperado: 0,891643778269375)
1,52294352811719 -> 0,986081298929416 (esperado: 0,99885527329592)
3,10549571026469 -> 0,0320149205740521 (esperado: 0,0360891048472013)
1,97601500967109 -> 0,917976035163872 (esperado: 0,919016210033919)
3,92781529311322 -> -0,715223900927095 (esperado: -0,707689533448355)
3,90681254689476 -> -0,699238983766178 (esperado: -0,692695608969701)
4,6683300066625 -> -0,978896424075653 (esperado: -0,999029560416736)
3,78747179195487 -> -0,601911435705027 (esperado: -0,601900725357796)
5,65543121326666 -> -0,593235975213359 (esperado: -0,587328519718268)
1,32055568161963 -> 0,977102015224792 (esperado: 0,968852857087176)
2,46991853610829 -> 0,629427332082862 (esperado: 0,622297325767853)
5,04673363739451 -> -0,953011108910776 (esperado: -0,94462556338805)
5,0698431963083 -> -0,945856350209169 (esperado: -0,936790604063047)
5,41266601145424 -> -0,757522797287705 (esperado: -0,76466368962248)
5,89867359262424 -> -0,373212350792234 (esperado: -0,375106549809779)
3,66577707308755 -> -0,494472668207112 (esperado: -0,500507096720814)
3,04190568956976 -> 0,0931352657219564 (esperado: 0,0995219396565512)
3,02377251860768 -> 0,110617533359769 (esperado: 0,11754773576333)
3,72208534881947 -> -0,544945663239813 (esperado: -0,548435991416595)
0,532556311996006 -> 0,504476590472493 (esperado: 0,507737291105968)
4,32039341507629 -> -0,92441286692787 (esperado: -0,92414852792576)
2,21297857681372 -> 0,812284547891904 (esperado: 0,800790619279987)
2,9868582180817 -> 0,146272271911382 (esperado: 0,15411771307027)
1,6002677251078 -> 0,98267325612705 (esperado: 0,999565749773258)
4,14500461997588 -> -0,853538838527888 (esperado: -0,84330957654337)
1,07127455490404 -> 0,870581268677648 (esperado: 0,877811736297938)
5,07902836446599 -> -0,942709539267182 (esperado: -0,933537329169631)
4,82308782106443 -> -0,981189065782899 (esperado: -0,993879137707281)
1,23595689333542 -> 0,953157541265205 (esperado: 0,944463086786443)
1,84039139718581 -> 0,952916233202689 (esperado: 0,963878824805541)
0,873406183154279 -> 0,772059034049749 (esperado: 0,766520896201161)
0,351147547554052 -> 0,348317402278822 (esperado: 0,343975556302729)
0,704410790642015 -> 0,647222855105625 (esperado: 0,647584968419931)
0,378533388639867 -> 0,373550329405583 (esperado: 0,369558080881541)
3,35479808147664 -> -0,20496819015181 (esperado: -0,21159383110815)
0,522423436247769 -> 0,496152541624012 (esperado: 0,498981781143118)
0,939491857244353 -> 0,808748922425941 (esperado: 0,807258299646318)
0,918538800501393 -> 0,797851038776914 (esperado: 0,794715546896301)
5,15840966126973 -> -0,908432591681332 (esperado: -0,902170835177077)
0,75075253026306 -> 0,684904311327955 (esperado: 0,682189184981718)
6,26966038376023 -> -0,0263314408953403 (esperado: -0,0135245110852894)
0,98078225191711 -> 0,828725533187421 (esperado: 0,830932848304456)
3,60412559147288 -> -0,43814612206365 (esperado: -0,446216325720145)
5,84538453111326 -> -0,425439497823048 (esperado: -0,423948685112159)
2,90035056162172 -> 0,230072253959781 (esperado: 0,238908933850868)
3,08942489099165 -> 0,0474332550175416 (esperado: 0,0521441036035036)
3,8684599960135 -> -0,669087726800573 (esperado: -0,664531990410207)
4,17866163684426 -> -0,870010374902649 (esperado: -0,860916784922917)
5,76473491651839 -> -0,500926433749642 (esperado: -0,495534761100404)
0,293700957709107 -> 0,292734123521829 (esperado: 0,289496678713032)
0,395108563550151 -> 0,388441003925583 (esperado: 0,384908390324169)
1,44249613268851 -> 0,98667378731303 (esperado: 0,991780814008901)
3,70946876001345 -> -0,53373515206874 (esperado: -0,537842724886142)
0,154126275592652 -> 0,148397217552131 (esperado: 0,153516790685354)
3,36795551987432 -> -0,217382087741004 (esperado: -0,224434668544011)
5,1711697711169 -> -0,901851179878414 (esperado: -0,896593097059811)
4,81927061721507 -> -0,981269524910509 (esperado: -0,994293593307549)
1,50522798515689 -> 0,986493129027876 (esperado: 0,997851166309751)
4,1141956968748 -> -0,837239530432222 (esperado: -0,826354416182386)
2,85654073820919 -> 0,272543671593894 (esperado: 0,281207272116336)
5,11096948960836 -> -0,930409085071799 (esperado: -0,921612841614649)
6,12842749277766 -> -0,147742043671275 (esperado: -0,154140812602507)
2,55151489861945 -> 0,559415261997967 (esperado: 0,556425630998749)
3,81503981608085 -> -0,625254571220542 (esperado: -0,623684252769046)
0,447149498465353 -> 0,433587328592282 (esperado: 0,43239704461567)
2,11877098855424 -> 0,861725492902044 (esperado: 0,853581391243361)
4,3423228467525 -> -0,930796035838392 (esperado: -0,932303428625238)
4,69130980766844 -> -0,979907847099577 (esperado: -0,999777842464948)
2,0578679299776 -> 0,888391872602001 (esperado: 0,88370725276991)
5,37625015637647 -> -0,779750336248771 (esperado: -0,787618996447325)
2,72628521584319 -> 0,397967038477856 (esperado: 0,403471252626298)
2,12336688906837 -> 0,859545974905145 (esperado: 0,85117810681757)
4,14854816451753 -> -0,855338766181194 (esperado: -0,845208678362646)
2,97133281855641 -> 0,161291114231032 (esperado: 0,169438432803821)
0,546081235415366 -> 0,515587052116841 (esperado: 0,519342381202307)
3,33961116315918 -> -0,190629490767289 (esperado: -0,196726949502513)
4,89203829252043 -> -0,978146814436756 (esperado: -0,983906415788057)
3,42465899414803 -> -0,270785082199486 (esperado: -0,27930126800698)
4,98310247066566 -> -0,967514436001116 (esperado: -0,963580340781695)
1,05557972898423 -> 0,863109834499851 (esperado: 0,8701860199142)
3,48599986607012 -> -0,328346313250486 (esperado: -0,337638760076436)
0,900366727621727 -> 0,787871423126584 (esperado: 0,783554818493195)
5,34153821172562 -> -0,80095804060876 (esperado: -0,808528441719307)
0,942255935626313 -> 0,810142634817495 (esperado: 0,808886568164332)
1,44528283363566 -> 0,986714401715763 (esperado: 0,992133516800451)
5,71409535764535 -> -0,545286769469201 (esperado: -0,538865653005734)
2,92486409472018 -> 0,206304522018803 (esperado: 0,215035869939415)
0,550284515049363 -> 0,519041853793987 (esperado: 0,522929763828409)
3,29376317594513 -> -0,147276219674667 (esperado: -0,151583928503545)
4,46681361753933 -> -0,958245868395789 (esperado: -0,969997606504854)
1,98633812621228 -> 0,914622973961289 (esperado: 0,914897738121298)
5,71744917926705 -> -0,542431442009281 (esperado: -0,536037396131712)
3,08752841080618 -> 0,0492540145143119 (esperado: 0,0540379088550767)
2,30186892306055 -> 0,756542563095562 (esperado: 0,744458691954185)
1,92296834783429 -> 0,933586639506972 (esperado: 0,938625716353934)
0,141232890982569 -> 0,13524266077238 (esperado: 0,140763836653321)
4,71245266047725 -> -0,980635107097484 (esperado: -0,999999997972423)
6,07227108257162 -> -0,200931906024196 (esperado: -0,209353952535063)
5,3982350326479 -> -0,766337778305148 (esperado: -0,773883495556253)
0,781579573067484 -> 0,708883017244759 (esperado: 0,704401481252546)
5,03028735141874 -> -0,957458631348696 (esperado: -0,94989442347953)
5,46033549552465 -> -0,728150124728657 (esperado: -0,733087060071517)
2,12079370686666 -> 0,860769178080715 (esperado: 0,85252589145961)
0,388484760141924 -> 0,38252343233172 (esperado: 0,378786520139791)
3,8506010490455 -> -0,654656428481864 (esperado: -0,651081455594933)
4,55492698166137 -> -0,970201884417381 (esperado: -0,98762845316719)
3,57713327535057 -> -0,413229328479918 (esperado: -0,421900613438626)
0,738135941457048 -> 0,674804269107665 (esperado: 0,67291019232116)
5,89123034735687 -> -0,380583409973684 (esperado: -0,38199584750837)
0,0283443567151414 -> 0,0332637104352853 (esperado: 0,0283405615461506)
0,279131478596466 -> 0,278098485949389 (esperado: 0,275520847219305)
1,39461162306704 -> 0,985036657051211 (esperado: 0,984519581350473)
2,80531082167082 -> 0,322105015720381 (esperado: 0,32997947472275)
3,05861596789056 -> 0,0770451999961226 (esperado: 0,0828815009233383)
5,65372617931865 -> -0,594572554054211 (esperado: -0,588707632221749)
4,21060276198663 -> -0,884354609382083 (esperado: -0,876724803631569)
0,786889281052035 -> 0,712895689111388 (esperado: 0,708160374099202)
1,60925896299313 -> 0,982108603851106 (esperado: 0,999260403993368)
2,36975698244519 -> 0,708356883390246 (esperado: 0,697451912908702)
1,01623944799959 -> 0,844990730134609 (esperado: 0,850133856570485)
5,47709220101364 -> -0,717655690544187 (esperado: -0,721587856359496)
3,79203833170313 -> -0,60580875142789 (esperado: -0,605541142745912)
1,3975466317233 -> 0,985196194109374 (esperado: 0,985029772692992)
3,87423961961786 -> -0,673706719085101 (esperado: -0,668839747842318)
3,38991203016419 -> -0,238079616843837 (esperado: -0,245775233712238)
3,29202134375573 -> -0,145627149120658 (esperado: -0,149861995166579)
5,31902378544177 -> -0,814753854958213 (esperado: -0,821571183823807)
1,84667924145698 -> 0,951640284158914 (esperado: 0,962185069763678)
1,04836447072212 -> 0,859734476971964 (esperado: 0,866608273780943)
0,404848344432797 -> 0,397065591059754 (esperado: 0,393879368844856)
4,91034380986151 -> -0,97673051215532 (esperado: -0,98047084054466)
5,1029525171284 -> -0,933693488236006 (esperado: -0,924694662863824)
4,30960926867971 -> -0,921085380437995 (esperado: -0,919974966249195)
4,20152289759818 -> -0,880403911278562 (esperado: -0,872321378465774)
2,30847768474508 -> 0,75205796765036 (esperado: 0,74003000459444)
4,30884967772506 -> -0,920846234681594 (esperado: -0,9196769586013)
5,06275832793465 -> -0,948164956050196 (esperado: -0,939246000311696)
4,9530534515837 -> -0,972111352185058 (esperado: -0,971179813880941)
3,3748401937604 -> -0,223874468997654 (esperado: -0,231138336524314)
3,17354115915388 -> -0,0330560740786497 (esperado: -0,0319430708308706)
2,13696208229478 -> 0,852959682887682 (esperado: 0,843963862740557)
2,18672815326314 -> 0,827069081072185 (esperado: 0,816235467154086)
0,942239474872078 -> 0,810134363056009 (esperado: 0,808876889711881)
3,26541881922999 -> -0,120421951142259 (esperado: -0,12350997204534)
4,18768213894287 -> -0,8741879736882 (esperado: -0,865470839318817)
0,591726503145237 -> 0,553229819587448 (esperado: 0,557794814692123)
2,91213835759623 -> 0,218642212453603 (esperado: 0,227446155963836)
